2000 1
912908727 909993663
497818433 252740213 1302648
19445396 162424624 2590054
851436472 463371747 1783777
448780678 624458491 4971208
166634776 142202304 398813
423792883 488863734 731781
102458454 906228368 1166147
253414931 17016047 3898905
507413095 373186108 6152395
387522550 183015008 4130841
430872299 433929467 896877
220231072 133836268 3324476
130026528 222624273 7922643
289614585 281558714 2042736
691282167 474617545 5806321
362050932 579209266 1286344
275771716 134038744 5027632
787635385 672751250 3119740
772995306 339092994 7416964
44866303 79369250 2088897
557275178 571808304 7582049
103343109 645483892 3584946
719290886 180612296 4090929
244068145 141132926 892346
394835411 869007893 1291784
819291688 545809311 2087520
757897497 21833635 2458024
235796038 99198427 292240
75376481 249685336 378056
208512781 655475392 6550953
264701431 619709351 2604134
255365169 353735428 4401126
39301230 175614060 3537089
427985966 24286574 7881075
11630481 373298929 6605366
840095499 552647471 6114196
22286076 658456148 6207160
563624953 529053867 2775879
118266843 281900305 7993580
291059165 231494253 6022262
884096465 661460755 5129466
317762580 146492484 4142108
568431754 16876116 3394522
600301633 214723337 3699892
214068418 723795023 3521091
234372190 442418226 717768
749960896 745785080 7052763
687075129 184194967 1798754
466610023 114745657 4314328
558345432 163147334 3551025
870623565 105200856 4986398
90024280 414412306 5450760
796283292 876039798 7732062
178942767 428022155 4763928
771869830 385407755 6469743
783464378 202968687 4239507
176715262 517375108 7916134
633115969 334669912 776809
418966827 651211737 8824463
727186053 326419847 4731301
41267803 735150523 114524
231226083 9212932 2054228
411623375 113370288 9311851
884693926 481977578 9808847
231265578 285914397 4889166
819272215 758441887 1334581
881513896 436228320 7681544
619204207 671584613 7201620
377555499 71636736 2099674
68494801 732595058 7220988
223607778 299149959 55512
358429232 867674342 1578434
659566524 140462703 838971
900507144 205861186 9685655
396592107 782176729 6924949
832790025 858807670 6647645
355409730 201390661 6396408
898990618 895144371 3550243
661385407 548738018 3570136
628027702 753514359 1924484
768040720 131517475 2215540
510089041 849274317 2403176
14640768 819327532 3342051
408251296 760768538 9158982
282871900 48459922 735260
897631840 412971933 9670538
767447640 415181606 1493406
875850999 900878199 1516774
534347365 247653094 3428660
392587309 603402386 1926522
351573978 182159191 2833094
840816224 197029211 320799
679024813 783116941 2410046
381300000 713612252 670905
152707117 850415070 7311088
161317882 824965040 7226344
591340944 71582449 2742083
312445087 851761529 1614572
42266287 709344753 3601922
287959530 516299869 9042272
203387596 823237293 7050728
69217263 685776350 5687473
481273918 663779557 8073702
438903052 108470076 161321
374719504 334249457 10688886
311203795 318371708 682880
49409167 745783606 2741985
458202082 102454723 1712203
344782997 319605394 6411252
230206304 232245864 9506572
634739037 790597291 839069
864632331 85592429 7430555
581207458 444909405 2362144
57542499 534169639 3792588
452311793 700408321 4800500
582710006 905589612 1759208
369640031 725043968 8195525
395718318 644422780 2418149
119820688 409299646 2433127
888872053 714558527 530498
563696274 43391106 9254378
632567161 801261233 2744913
741513843 30064550 7474051
498987450 612777431 5585483
281381652 71835641 6180308
38788193 866919875 1679719
770291757 363698739 9300490
542325324 152617189 7421512
432474976 839879011 2249788
899087186 166488048 1280535
296905904 901542721 3826460
590400000 868171255 1001736
169656597 779921278 1214188
579519748 401455191 7142928
752526249 663775868 7378796
279100074 540830288 7400328
114741783 445811028 5639069
882379587 119280416 4480401
164883646 433806634 2413741
99122018 199307901 8988845
889002528 163814242 5515828
224514058 674672750 1164176
322949980 333840981 9369485
164099703 598378823 2691021
223467543 778048517 2510458
591193875 302438395 5466035
223203103 908137108 845002
722819408 484512813 7630732
569511546 157860463 4312777
702908270 112862748 3292880
331799565 449814355 3091057
77220816 552632780 7095265
275623431 358246902 6595734
292768895 452767331 619309
128157490 467362810 5510782
831074438 377113959 2467473
262122566 62491568 3631980
244547200 209674162 6130573
782727153 53386393 8746462
107096909 484782953 3349777
551008977 479263959 5979924
841802066 134794284 4479177
884406537 811652930 4173827
890264187 680509788 7828641
287495850 828478697 8352794
548679082 215494905 4418453
22151042 275428811 9248283
454733177 501411879 7059658
91562431 472710270 1668865
233377147 496008373 6732464
584842963 42221388 4190576
344135580 106402528 7958973
652645480 532863908 65595
537191105 38552323 9312542
461899775 870062857 6835324
77965413 257124313 1514634
232664694 887947274 3488824
246960907 637824426 7452852
383058207 57730646 7453630
581195206 130636608 2183524
715357679 709856921 8636664
655563879 818658577 1939278
224225221 531477925 7670835
112987658 664506356 5368002
459518445 677000012 793310
584575062 268873593 1686074
690175097 174534231 1006639
370448373 122623481 3002417
351323587 131878107 8989394
575222565 890911493 3985127
831003000 769444271 1761023
332571843 427470551 7415529
82227394 908566193 284070
853930478 686376687 8538708
114704179 350671293 2117928
471208472 316496226 6817184
18271274 890524632 3554994
154651083 469903850 6231408
412196747 82010643 3110853
117259549 198007966 2973103
685763428 658289317 2299302
324126648 755017500 4356440
333643899 23270409 171263
184143950 363417817 965952
84334162 328453519 57042
896787921 804076418 606106
422661227 703078940 6469344
644681555 833443167 4548348
423681043 819160724 6564324
157009909 543275921 580856
389816592 222590049 3173560
418160383 239054255 4217587
793689167 265728984 7033554
646054892 561883482 7038761
779469581 237692546 6501369
482484956 867823239 5904251
488311967 175944666 5921939
369114255 774923763 5188904
662573822 414311666 577333
436282209 94466409 7884964
808659675 23969386 916902
568916030 769066998 2826956
839464182 645443950 7676657
509131011 184772228 2249680
545730552 232490550 6547110
358345778 387914496 8622730
881771927 57990949 2189418
532262314 169325043 3907981
460825197 903987646 3233208
382117726 124801825 335161
59727287 344557101 10101425
564479900 647265905 5057740
631472147 97875189 6716260
759648516 629324560 8288996
764211945 577157990 9602369
52940459 67898735 2457022
755990799 844435034 2829498
744190347 48616661 3025597
325147564 15501372 3487679
673062182 537173119 4836728
489679293 79514388 6048233
6475087 166910104 360703
164230692 23952337 1098710
735572054 241825895 3675559
766894942 452559514 7665852
507604421 481704109 7877350
682245459 798422570 3853754
517659892 417194596 6135377
28889716 511406251 5799228
421194841 578649814 5730629
196419129 352695597 7673876
51628849 783744749 2085510
855600465 526673443 7106447
210727569 469998929 8338848
91110580 338219122 5961067
181353043 769767165 1540735
829224635 254914961 1281491
572070984 674333650 4259148
97913306 770473464 4618863
49356006 621959386 4579382
147428331 356446236 2563751
882296489 174916754 232398
388456314 760038982 6133352
263988677 743540247 461730
897041191 569449437 1528498
200438806 77930873 589594
628097520 854858133 8235655
67462006 855432059 5812445
344861105 163507834 8529910
116282908 515224548 3728013
220234598 94954086 3572261
594707000 119347937 576665
751412760 263494136 5498596
181605834 818399327 9019114
846823286 86774938 4987832
242054508 583221870 6031516
727148194 111070036 2087412
824235683 504174503 4571225
464135324 64328505 7421068
174108743 499858649 5344854
718469084 83028193 8959512
458744935 41083168 6033254
753661251 683180319 2433463
269568973 239665534 2112358
829925823 718878688 3059333
299772185 574882447 496792
717085500 428110224 812992
331243465 193972852 3684361
121154770 620712835 7294116
57935878 321994749 6473642
492922755 88497287 1051017
737805964 223667334 6153988
590815738 863747674 1305829
467986508 277631152 6884739
537791275 897086701 1161778
888243186 150975847 2336400
441638328 484409181 6991364
526928634 655859579 689739
755184983 438020358 2583689
21391282 542260835 287170
129260445 179054771 7676712
813340366 647158899 3811780
316311332 866943249 5061685
111157896 144144035 11326257
710768903 608242785 2839813
135244242 778830182 8812147
820089660 72672605 3523203
288978261 741042980 2803743
14488112 669692239 2772894
47135792 158859105 5904220
328667932 379586486 9537882
419763491 361343950 1064
118150598 73825830 6949136
418347717 270640182 9579712
472390860 800900975 4498699
684383531 496367624 2600648
595100467 373551583 7214331
453985299 373587469 789592
581964115 616003714 2675362
490369150 348554005 2224823
268556955 476841096 2705720
809712890 339492533 5533139
514862018 223300587 7615288
201315204 148449358 5821026
17008884 797867668 9249198
534334710 733671415 3167558
645525088 603719452 2969320
204038154 611076590 6377756
110351192 402308543 1110477
85208093 387821660 7276651
473590393 392893920 10168177
405794795 7199151 2459940
218574907 573458424 1166855
810091864 615528266 7605104
664635905 615345139 8487448
147652285 908981136 614905
530815079 756698300 31759
161639507 352595412 576836
496609694 859835409 6506505
58416012 48127819 5558183
15975201 138510271 4987399
823807310 18441630 5817193
802613650 463547936 561828
294108999 652104756 7608493
248661204 882055629 2443742
313132108 431257729 6469367
561416990 856757806 875390
232763629 25024571 2957963
659596908 372257292 5765571
260533808 374779913 6713495
721061842 448405947 4037711
677233559 277329190 4535468
259122457 117680523 5675375
442089559 575359234 6502323
230746856 192684010 1104164
203569519 88992834 5541678
158349770 670001720 6857020
455011825 248895519 746393
128992098 210062900 2008760
347086149 866686985 1157552
857111616 387754919 1758078
558173491 811227813 3744871
800490174 578653638 1322408
350583790 222695935 7338760
827749409 82644938 2697701
721403344 819572606 78826
114834186 758195573 1178161
640060984 464160070 5411803
259027435 492975981 6105954
214044021 109721043 1629969
72451565 802165181 5300271
717929818 560737356 5138035
551276664 870875226 4261445
284024283 878510307 9932222
499740789 145665230 4838445
137609466 374895654 3194422
587141687 196530968 210275
290448174 849176260 7772198
216923678 677717844 771796
513095386 354588478 2979868
108488886 736914181 1192989
204356049 547088226 5874998
643125313 75881190 5723577
334864199 398036112 5402814
867650944 294500257 3012714
590141097 234341009 7945973
288731757 630061833 7435654
709356612 410081517 6461600
417248104 483539641 819284
652463451 328816244 7961759
628820463 220360085 5000020
569833273 116123573 8834460
699963340 624740832 6121180
302547630 201190270 8411646
306880340 880175996 2141531
231067032 180904063 6940553
272783104 585287963 2019056
406848330 443143498 5705600
67011327 751726290 4435618
827296957 141312352 1622401
819186479 386802434 8744155
801109399 93741664 872630
475567063 203854718 8071388
866433322 145332397 2699823
632937558 535532149 7647473
268477560 322471686 6927366
838105279 607138093 4024466
423149570 228880461 862036
433886320 414758789 7012939
659583012 804947859 1886510
421470152 340445855 5337445
187768294 618259008 5039949
382673160 134162806 288988
427859121 601326995 8941686
193127863 422000606 4469005
378829626 689212151 2772692
726606125 651700223 2631212
598866590 873107908 3262232
21378028 452195218 8421405
176527290 439880366 2860208
553410777 343270767 3878976
748253597 514218027 471193
666177864 694958785 638306
551335974 69534101 10195584
244877724 899384278 2837050
229623053 256634685 8305732
33591361 230755678 2178531
837525787 121935467 4023191
146361569 283603866 8820395
576202242 802393733 8624788
742989450 466865956 7669500
65171811 895719303 4388973
890976960 781389806 2728443
198105220 686701176 8986108
904198660 876860302 3531388
708121834 363115943 964530
535356760 600731591 5200164
249790641 98440700 6067621
756006382 601330159 3657224
404481304 895911459 3438188
333876042 819611434 6050509
384019584 392760830 6981346
796111561 227051672 2165210
784207216 316929160 2489009
820478841 287405665 8663260
58238054 521621892 4146897
345798788 528774763 6626099
351143408 746201951 3880676
99787029 826315603 6814878
854120382 594228247 9685664
726053268 54614194 2103388
631288992 59248733 4954063
57038422 570091533 5783471
180824046 599681312 8246394
487163375 523169159 9031102
720593404 299739559 263048
827356688 481672226 6199530
156105999 405708083 2657427
740690519 563748182 3404520
542643052 626873804 4826664
767170311 297159431 4065080
210987055 246910897 6133620
233837322 340069188 7139239
377372813 244363785 1226576
746270509 320866127 2413118
621905664 649596803 846792
615208386 219493997 177634
334636416 203892999 2317394
467521535 642208343 7733165
549892472 842767319 5723973
186272372 801667008 874964
882252992 615926500 1784096
126088908 830495399 7145037
890425105 310039092 9066394
113442773 320623897 8842312
459670248 547855447 6728348
396791196 701628477 3247245
12582295 496184134 6884739
259309442 906287368 1566220
197882425 223578621 456602
864103888 127318234 660166
116004726 852872566 176421
54580826 656439633 2145121
445806591 262635171 2891625
430172570 719143768 3252558
321401355 561805981 4988481
172996281 618887456 3820471
423614655 684482671 2295356
177329112 281236795 212258
27932243 172553596 3518160
490756961 578340869 4754318
695378613 691992971 9222127
449157642 14784190 8505368
861147654 252084288 506367
835350661 65651328 6837398
798950669 796689070 4849079
321790000 71747739 6760240
162354411 879380698 3329863
442119772 757716308 2331902
771768029 172505826 6235421
451241390 735244616 6167316
282231789 585554618 2352524
884355678 88473211 5114882
504618643 33583387 5788116
672915871 37169642 2797856
555210394 768256481 6337148
499881640 666545158 4728832
493780193 277894966 2642691
895030997 849806157 5866129
436231081 527707136 8878817
407019107 905099088 2163050
665603361 596728120 5420394
458791684 532229309 5749776
452133589 112901123 555162
176860374 798434854 2574379
161885396 410856796 1998240
281946937 899124893 3689190
894863206 244245793 6036128
806369332 442844351 5228500
398642743 614265022 6384785
20644746 424006051 6791576
523796911 495499684 5257823
674810751 427389476 8306516
664375471 262605610 7408892
900692305 273573996 5209593
300457624 560582439 7199701
542435002 356235693 9588129
359628756 356777011 2797129
623080587 345808864 1282133
741319893 869982285 6859226
688448557 41702189 724980
669583363 316411640 2705427
713395249 508759586 6939610
386281320 375664918 2369268
151578796 389016455 3042217
529440146 72606181 210463
132808427 688232289 7402705
203016967 776280495 6223054
597954535 347871881 7066358
826590523 153630328 3422152
8535157 49286668 1701778
666311430 230853289 4835552
631947853 508209861 1292941
91076944 365576157 2169189
863374802 783756191 3037756
793258331 818991437 7829575
592651211 811744463 2521660
257968873 170651229 3226839
836878173 387543745 3727538
625452840 773977422 4812413
696315488 441420750 5026923
510358146 105350312 2240192
90300068 498723165 8493312
178130441 637642823 5658282
568795350 495057891 8057242
392163814 487231339 2770252
356512508 831199664 10545589
834218106 98071370 7407753
76946568 354990510 5338713
193733967 530773752 6306814
221521735 29011073 1704620
148163283 118714747 497496
698143824 187889122 4546207
647857645 355115012 5965776
33000009 52251749 2054565
367022556 175720668 8826639
305058514 128809951 10234424
162962694 637782792 4136564
420290669 888743516 1290489
56374584 433567679 8211939
154552074 798601441 6871161
383726768 896093054 9127295
837130894 48896233 3067863
538093482 582652048 282180
667142553 103962892 4708598
689074428 887091069 4344342
386824753 557437885 8735711
70454437 463543111 2207990
751108664 12545811 3416817
260938479 177358264 425406
303365391 508545589 314272
257979701 519415432 6869816
397005751 75918509 9023479
54179518 398077832 622992
290596478 335575778 8758608
649572102 305366925 6802501
820112259 312207500 7866435
520614471 34929985 2175776
442848309 558614517 1731957
412806945 347199594 2497376
649242708 285857992 5935259
892248158 638437344 6772385
882013965 552212464 3214097
381783050 738998044 1729550
375786021 195138384 7932341
239095037 514621041 6191084
271619132 838166817 5407439
595432475 690496638 5150510
39610802 781840521 5736311
27336968 209965335 1420431
452274314 320367040 523120
315143571 248097134 8678845
575354111 14384034 1639818
464655341 422705964 221645
497016792 589446669 3026932
575816746 704021512 3758236
301700649 529475801 203428
691146101 731604821 2034735
590042475 629466939 7749748
885036478 106412700 3353062
97430762 227398579 7931670
622656239 561252646 8079631
17049876 476185744 1160539
537740373 613445017 1721833
371445590 875338768 5080108
789697063 390428952 4272455
97343347 158933062 4240118
284307228 570953401 6017833
152474249 639316108 180458
699493533 42834992 4849758
825334116 360392170 4989188
832889747 183883964 3135461
102231006 51687709 3046585
870390588 677920771 3855192
860684430 241382946 1467353
207552684 66684235 5506514
818370551 413150832 4045349
161762086 38965877 7354538
293905601 577259172 1585049
713984920 761845620 8968163
391720863 281425331 8835048
470736057 605740203 8251403
609595115 97905459 6168906
408088323 138098249 9845592
547513382 325436396 7200157
28592675 884073321 2568276
467942564 753798854 3605912
784977855 614657768 11729698
110755889 106024440 733972
863580921 721173506 7300493
794305516 353523624 3635382
360244215 795635309 2456947
573912299 253826683 5450564
645349505 99049016 2879702
289109625 463799497 1410758
565256294 93456241 2457363
376294479 850287976 6100036
166394779 57564722 5079864
874789357 647343110 3154662
269642540 196006684 9503772
224304502 588225042 6137770
73382848 336395357 2099855
504223462 322992803 5063869
232287892 564318706 8650701
513230084 75555764 6084615
519475809 860755926 4690556
304713871 304119768 9197173
682276048 767185993 8792972
517714928 679178309 2673433
611131652 871867532 1357412
122273152 535917009 3909304
733056088 43431350 1115098
866169074 605308488 801854
275196182 36395065 5135468
850391145 882876507 1779833
71091884 829368907 3520179
333890947 38907654 5826814
347594995 598040325 3486018
379756649 410993037 4204751
328776756 353930012 3076713
593323821 425785230 4170660
486024288 745684609 8091387
82228204 643539838 3658280
704014899 736104027 8324328
515324992 826976726 4010688
816936479 55828326 4525322
311814952 52268148 8807934
653817312 698919152 824836
129211798 650715559 429906
530586790 584690818 3291654
392351455 39635417 668212
816217471 423429783 263542
45211064 845632923 6947017
68166109 379804698 4566398
135019985 295597474 1921130
662587176 88681785 1691324
389071939 670393411 8228283
528880515 545863626 7642312
15653645 696223740 4613573
785217044 301029556 7783700
120819334 114603847 6601657
591881996 7682705 1684151
816343252 99198896 4177236
656126204 741565671 7591176
847218461 303490314 4568076
497688648 555054255 6821638
390303153 506190573 8112974
530544339 475250239 10037148
837526424 152798568 3994958
437745199 431433845 1971324
82552476 235419384 4526752
261030995 435222656 7285774
842650341 705439029 4974556
795397262 9869977 1259232
595523534 514647381 2997641
734685405 373809123 3150906
18839820 398512610 7683595
321841764 832891398 5224597
338530201 146557281 2452877
833890351 513609129 565801
171541356 309618896 3475810
287440942 487854677 6817537
685819313 559966731 919939
554319078 256116167 6492070
684108274 363705600 5009300
228811783 664458727 1516614
423871469 303285134 1128707
497481665 815935302 8412808
521900743 457781054 5025315
453083103 818121332 7617280
214792463 311959979 3133874
231530711 458820527 8285553
537529139 641931603 1386144
141271651 383654007 2961221
897775985 428443400 2388882
683054013 821486468 4225308
552054780 14409196 4932072
514267779 581727826 3501397
34501495 378888484 6895843
14269983 635457925 9937988
519317984 444249091 2532455
425282134 139244909 3580619
273915371 783561926 2652420
410222633 592524479 5039165
609618344 650249966 3685352
612919641 723563739 7185704
659319190 106718979 831825
838983761 803401739 5121262
467358051 568632143 9968996
765912073 759454837 3529876
138638267 105882968 1886134
87875628 250539939 1384556
749257869 421074088 6595472
273121816 98213585 6964138
20432557 308268821 8670524
393408046 425781786 1172956
395556621 841748091 8156236
22031008 862808191 2097124
707223973 302931279 2745100
161977291 422738893 2089052
853399736 361802949 8553021
403066181 601729985 1559140
130882298 663997037 2570955
366074116 468821676 4264261
185487836 875898584 7409615
179716433 888345144 2463392
78405464 185168944 4315366
648441286 867263889 5003993
638532186 36033499 4322712
157483010 565655588 3624556
122690440 897683935 412159
321920910 849351123 3364828
707396267 450397129 1561186
705934918 61667309 5005038
201643114 374523109 5929900
855657463 41964449 8944919
21244754 756796507 3079517
33239828 532290459 1708460
778332735 475722711 7876775
205456318 282808070 9085181
850097971 893392387 1802245
157092775 771315914 1799950
900254999 828407083 914146
713557590 894321294 5701186
873166054 148254960 2205703
10618910 740503407 1801832
484819342 689611103 11031405
70702326 410621685 9109556
172026548 539792815 7824146
222031360 511886739 3429552
332429002 220722715 2520357
131014997 158987305 6549726
291621171 766143415 3626344
718552535 636476502 4146170
578437462 827964126 7039648
208682298 562462795 4693109
759459307 486378657 5555872
627834064 413638495 992010
307037368 603859906 7622619
758944164 237421803 850384
730628745 894332350 3832012
904895329 247322640 1093270
792266128 535997046 4834795
144081405 260660098 7385822
385443122 257801212 6630897
96033605 737548334 6553763
500514828 188913001 1392315
80993975 657465271 2596702
829678983 456844864 5187104
550649171 536952196 27362
84619610 586686276 7207579
300060721 506193705 781880
424556364 744537090 8902338
331307813 707354286 192304
262672503 83265959 4375771
316067292 27812536 3238128
653572825 214921120 1779828
62332180 393435185 5556015
759389794 554433455 4745064
136726209 801315369 779816
552572296 548742000 8033459
638461681 253276360 4851161
19106404 339673356 4421605
445352038 76254968 5325643
184568966 665341232 8970345
770488466 259865396 1574403
198947925 588200653 6713320
210634231 746965046 5911439
663697651 887158785 5728842
667218396 56208558 2341233
526669476 683390694 1827885
274970909 559411849 1474074
254017868 292576339 2787922
257360858 233210955 5087031
776484297 766310601 1186116
154017074 107124970 7814347
600099735 82303850 4194351
531857662 716316337 2366696
165392028 365943674 4334201
749462288 773801373 8111624
155916931 198791799 9129523
410535227 160991295 8047803
383849997 535763643 1030717
722899263 206980366 4873873
571618051 464646532 7838648
376713570 367396205 5667496
650834520 386132726 2658842
570366177 724661600 2130559
844094941 329090340 4159305
69691840 444929577 1847379
223270690 803418246 3212446
360910410 806119556 2023910
138737272 638985995 9633428
207988672 632956537 7055470
307748114 409359276 10388813
797661306 888162956 478979
469852034 852044912 2716295
460319342 183316882 6590457
852089007 157621915 6181603
433561504 471724972 1559098
329685664 139315866 447941
736386209 850278926 2212051
171841009 483716302 692117
498632308 640504296 8522950
532272169 214250046 7017996
123664027 807035129 9541423
692488555 88883763 1966209
881861696 561003995 2237270
572265934 780671595 6062797
877628243 8513215 2666827
899629494 501980888 3308602
533326200 393899767 4172891
245635197 73336714 5146710
99288260 179795448 2760851
293616112 371923479 5152950
515049081 693431666 1633337
649981358 849742205 3238026
887505988 279909457 4146651
658283043 38819820 5780854
736614094 693917699 7363650
193623101 171770732 9024894
8283115 898146066 1165819
283131189 293077794 5307950
407100216 178342026 1057428
66250921 296620595 1767749
469416245 727200567 8206776
539041839 91096148 5809612
204367746 875384405 6793023
247339529 445267428 1818846
153801518 444836231 3373503
613206569 252437634 1121434
538301149 791055140 5362785
109435307 773911503 434621
903571391 707962245 3338885
388984283 171335091 4235588
866386403 573539781 6509298
749878898 397832376 7241520
600628978 324081493 9196773
254084820 34498320 4015706
33561932 399353766 458424
509187037 429188708 1152760
728020413 288858595 5117196
805144805 85440749 5442753
713964727 237075256 7144645
728875880 152894587 2259576
696183522 578081734 7332839
154785168 13159771 5562362
350344373 726152797 1348052
865959588 895311449 353858
74448150 232366442 2177200
657610331 673906812 8209062
359101955 631475790 2180386
449601690 416287512 4447220
33952868 244269526 7052272
91744653 456568390 6333830
592335638 589686940 2466972
37223932 410525605 4639457
517331173 515155094 4959351
578485567 182145525 1422828
718007660 439675539 2487974
454937253 721611488 1069060
547341595 752026756 6725993
615346298 810003120 6858596
274385409 455846027 6001980
770663350 421989738 1546349
581707357 213495317 6962662
721259057 623829742 586538
613231061 696616558 7228500
661194115 831678292 5540570
456243779 294195698 7768800
376990184 824617761 4066648
875464386 284000270 2698378
66758846 589717080 5085564
691544424 525522974 5942674
303468456 755380176 8634096
20567301 648309181 1208974
98765824 297922801 2100679
232155755 747615296 6071631
666512574 789877006 3185625
221766598 614684444 5589881
671038881 459806170 4805028
801450152 58146706 3398042
89188686 566606683 726174
94278706 525713476 6160463
382646958 97232990 8976056
249200165 313471444 7932258
548270535 562268125 1640646
436052062 167621765 4962769
226033993 651462555 1180996
229987176 780240307 1398218
644732570 225317304 1739856
777795114 513425152 6672834
305015376 353458092 4768001
386291318 144456019 3269578
128955993 494137902 8793300
313168043 653315739 5201417
12680098 118281214 2425637
448372098 214870085 9438305
5678976 474739971 742207
775861365 406241603 7719262
217011757 326435958 467120
260131448 565210879 5246240
45643145 808303838 7265409
503283599 131758548 3363322
210833655 394364831 7060617
369800438 657132305 4767313
668182059 718645555 8866267
235238572 770688845 2321489
211877838 798478464 430651
779108930 832615640 3998473
305587967 777418600 7363225
570701840 426175222 6452905
634782377 373643108 9297636
342747169 62738335 8263940
715088862 47379250 3936768
364224321 17914022 7278607
337757766 772571288 4678296
340490553 468940351 9649016
594855169 536681520 121215
701449017 803796634 8364616
737394156 760046083 4483574
505866507 836864235 256529
261767184 796039215 9302380
664349583 214799860 30766
53413159 677910034 3396876
514382736 265111034 2456504
444180773 448944197 6676253
422041747 474335615 2471356
364263886 295779854 765834
599816033 412697223 984912
273720002 470771662 772722
404338091 804106881 4810428
510703771 533066250 5496516
903661949 478714794 1091330
788009329 454387943 3993979
554836504 150404501 667713
683442201 319033970 6197012
493769762 244020044 4530816
337768040 735296675 2159704
484971995 712759931 6259360
806868808 768392951 3336900
723158333 128185014 1488360
36545406 167489053 1292886
277670993 156122494 2242514
373231731 304414399 101142
827351054 785248036 4290393
178183298 14074481 10412569
208949450 200131157 6834943
665645586 867790719 7616874
610388112 531927210 6535511
606144925 451503330 8816582
269515410 217304630 2226197
27005412 568246749 941464
122621546 718740703 6447285
744245141 72214620 9670375
907555057 714899559 1853513
396727589 529929888 7221660
250181539 413310514 8804906
700903513 465393521 2036660
55065268 295638971 3226748
462937433 236026293 4596280
897598064 761248941 9159250
230437193 690949431 7891261
682805549 159688954 1836213
597076738 576527308 7554726
463429921 664631901 3752762
252390472 466957002 8504174
358720834 39193696 5821944
905470427 233615837 2875297
625161374 582895479 6424092
683888598 276539518 90044
429792008 325266436 5531709
857868240 300947449 2837071
182125770 214179614 3316831
56077299 663353380 477385
804145381 497054152 10037764
171839927 692234811 7309862
643019704 628815310 6505644
61766581 249752029 681729
324629963 582172037 7170478
798031826 285184113 6862172
425478037 631408011 3953340
644291515 18050640 928909
765821429 733773331 5376506
262060533 47680851 4809896
821652028 236852741 1094873
334593750 545314519 6209579
533082471 233014926 1581944
241447613 619939498 4411524
13219047 176389431 3968336
678430212 878719500 754024
82736106 73857379 4076880
813033737 462535457 6758243
877961012 362022690 9066487
486680108 840209254 6844072
33939431 697260595 3941390
603868216 824890627 2330643
244079436 805714822 4002419
91647678 174240848 1877160
747021088 362086452 8115205
446860720 604505336 4788611
796141990 728964858 2806701
361257348 273392454 8562202
92000818 105404171 462042
226059933 271069703 2788271
167898763 168047862 5061119
392716309 238124078 3602130
777884352 121697937 3252598
730985690 672386695 6384774
272522604 276519789 6133307
590552115 673132471 3519285
649909848 801196509 959403
374534414 621810440 9443879
141337587 590687563 8063279
515225582 597762294 4311750
253338994 130748502 3059515
816905130 811423832 4041493
813659893 830951754 3550415
403461514 885331213 2264059
432344004 127769064 5144367
2773411 692709727 1817931
663353860 190486627 9340804
775880477 16397942 4065200
42468235 290834860 2903288
866779797 454846857 8628660
392213828 713009909 3414248
961885 828713010 184994
561616356 383020382 1250985
157609024 727590767 4429945
606612103 286029573 5048152
38145919 207818073 465641
135811415 68030283 664808
689830714 224171546 3859884
454139807 163764447 5137849
697787262 293019317 2515554
137634803 125294106 2547127
867042283 4571788 2502510
190701438 897897036 8009883
160428649 863588994 2097365
909592739 224115159 352760
292238884 448571200 750764
617469986 610359961 6513745
761360529 504118697 5259022
811195270 419347189 1654712
821711063 672683723 9838366
179142427 149803575 9728966
616861111 289758794 746695
473137373 254666349 1446512
20197976 612384039 8628810
500393290 720935341 206422
65259524 653377488 703842
440708677 295581443 3100663
732663297 102776688 4221699
762418345 644276702 2699620
237590076 60109177 3192892
598538634 835781715 5569240
22708237 873076841 1135295
379285417 227693790 3303008
864820570 551538601 8951280
444604306 400931484 4680766
796026872 512605016 3183303
715091088 844232385 612672
37680279 129227907 6197300
876878664 247156156 5319021
515522268 710814113 5053783
137682152 25032120 7512506
169009809 710042394 1137838
500542395 501619077 5608949
559895352 511974246 4051443
788875975 183528994 8647427
884908605 878844959 6633748
735968053 259992513 5373902
614945830 235685359 8192629
416949335 512846807 7739392
226001876 318774264 210516
81711934 119897325 4132600
683779750 869571703 1570380
524579573 770081890 8077683
489691962 427288023 8440596
777153132 32210340 6986701
837460027 830472143 7247818
780192479 140933707 7394394
29367614 79859358 265194
610888994 402367944 6956033
559448964 447145457 2368734
815761200 211163082 8644718
684870838 115591051 9328318
838026644 631235121 1856276
9326280 207713359 7098024
50023530 278458268 104872
795948370 481192682 2639909
895359268 728928073 4104731
688956830 713173522 3362615
101467132 374710580 1171951
552692131 105486289 5897639
774076838 849887741 8554628
68126136 509808158 890136
125838183 104555444 613555
65100440 285538481 3273320
863101394 184469612 8769327
244723331 2459094 244020
718174141 376450319 4539120
688439840 205332255 7951128
504308371 776823191 2828623
114734029 251437193 5507500
31126918 754515727 2525090
582767592 649566176 6079455
901208474 23922147 1284832
515543314 566392759 4975433
597538578 257812918 4286433
796263315 98941005 2246957
377700047 160917063 1255552
310021579 497027105 8812821
585154436 526479971 1338315
178246188 778263867 1335635
249008413 829690195 5755524
784194868 561793405 9565612
186169957 757186094 4942954
233193577 392753511 8858610
257093327 536245588 3148688
352712509 885036205 6602299
878931736 262088644 5967029
426798623 384062750 5498988
540944338 113620014 362515
83357680 608592086 5976000
691396212 718921387 503996
766381743 816660417 2447260
475680500 372317910 5466432
418004255 776059616 4645118
588851647 280620411 3095676
438700490 365797642 7910256
742468767 502952736 7447057
480370427 488702617 5072064
724402548 878038907 2705541
686432239 348222496 394615
104256077 857369796 4481867
667549178 352158882 8974404
470771405 411725936 83632
174640453 260223894 4523275
225771820 352844054 3901068
888793670 459871648 7574871
880759287 577217244 2936462
849880834 20349027 4649255
474388887 97538364 1740476
897932839 583536963 3781779
728307858 562124715 257673
717767675 546046578 2768098
570689609 75157188 3841100
390200525 300606399 2315687
901989110 39406828 4203202
565325719 388128651 2209795
597750887 541476270 2591863
764989875 192990696 8823062
628564567 598705013 2445406
696788734 872661344 8012460
823583827 425576848 4033473
373288056 520941119 5951400
782060115 266996278 1560579
536874311 197052037 4829920
344649489 362654037 5650149
539356093 880623532 4880553
624621596 273269751 8767322
437986155 900451478 5895643
536582071 316452555 162440
192970199 643336970 3703626
115899011 92424641 455701
401809860 828033108 2344123
648343687 598285313 307827
319704825 481700343 4028966
377956596 579689440 1765581
633382044 199284466 5042435
598938330 890728893 7469806
110849915 536797462 556487
390285271 630569807 4582848
364763364 153983017 5851297
225226550 79603197 6508715
851192329 248558307 6608125
151977669 624175365 3459569
545850750 826618858 6118912
515725755 243988571 7072311
690007016 789388057 4514091
134712020 735733385 2468993
274381882 17582392 3678452
333871820 564683583 2428448
733770123 528690732 9687430
882791757 857643146 1532628
300880082 16549982 9029463
633116540 883761740 8506235
709579072 214475837 790838
419795179 428167279 6569532
864614327 625345941 7066443
781476453 106773134 2391920
146350068 545552860 3683616
165691083 282144973 1512197
904331542 781366327 2749402
408394518 411352451 5282220
812321561 733164195 2674181
876590180 219632369 10696632
35418504 476156959 635920
52249473 264334896 7514992
96427489 629145116 7425030
82193345 302345999 2932280
359218590 443663500 11424409
312676436 459153093 8411842
19509948 718621904 9842115
571140671 869005263 5880536
59747922 712467422 3937296
242373980 159209289 8233685
448611350 844111124 5331752
161584675 517128351 2250450
265027191 857269013 5794009
768304486 788032386 8327400
180746498 722100869 4537222
504203353 758276891 8738912
162755830 574162494 3538128
577244966 557419701 10249104
689070848 141589867 8469073
656486440 461155170 1160744
205086653 846464994 954799
896563745 605131143 7309868
604357080 137654814 622348
850609350 113618881 5703032
163478790 337070804 6063828
17609498 383936264 512469
191791786 235127847 1351280
207738960 47547394 3804589
877103787 133114892 2236751
305351530 862290071 62891
226415246 59748327 2887051
460069465 441379115 2287325
248346281 596093773 5090568
181106479 301120573 4591038
562628348 612547222 234123
772051069 748129423 2714700
870156731 380078222 4899864
712115258 862422044 5962926
409476255 218077754 8056769
296227438 572299526 532833
261765359 646099225 3024721
99348121 116362918 7651287
610224662 123007869 5121844
470677096 243411199 1676244
491659718 115108547 3081940
510733933 10839666 3658134
740278892 618556525 7323451
346945772 579493868 8709624
110131839 576002144 7999250
193432545 840759812 1124109
345548616 15989290 3371168
75935448 201686504 5150633
804823753 36618142 4144610
802317317 552578430 6608663
424307370 411598903 137288
792509907 582582015 4882514
87807826 622878219 930288
901958820 663769558 4284710
395346349 585714578 5963347
171172978 472105248 42292
529683049 107425450 6271721
693875371 502636081 1525372
898095554 69263948 7088007
877788192 591718181 8883230
146017992 712194677 5134261
701401959 424838776 561768
242032687 538438647 3071763
383539316 318471285 2725899
446868734 546064745 1168524
173400092 655615450 1670140
710496120 593695140 3326783
361106055 494820470 2679876
896419477 540353833 2675552
676934095 745626753 5595643
733316201 597312120 9657286
55741467 21271808 6743967
8521075 585381453 394839
629986429 175760279 6680252
703727415 348579457 4359281
77267904 171454674 106886
728269662 389037254 208716
872420719 344310605 5144426
825734166 440625648 5048275
866355713 437147461 2586701
15728704 555055587 6407013
128515508 863902666 6716062
10387366 852706102 3144547
843148732 287861217 5604982
746820684 205619774 6241096
857316439 269709050 9885901
895750050 185754251 5808584
83583351 707917975 8052907
684655293 246011260 3542549
100201416 403302654 2101439
668481580 565689313 4566804
104144776 609179833 601817
828093422 111303767 1481128
402898380 330418722 9837427
563184226 215498773 3873564
173813489 119475034 8397097
534031918 890416586 468274
855096534 804178805 5753571
828639326 887669571 2294543
125499922 16771130 199323
310197779 705091360 9225595
581718286 522717068 878024
699003995 550558936 8072343
141267716 514149606 3949330
53678087 366826410 6646408
51360343 456530976 5919186
612538171 362768002 1753120
583188246 881124955 2231271
480812342 469674181 2791322
355683433 617959432 4636682
448117786 858815829 2227816
483552211 777154327 5422756
659703812 126063519 3336275
162318145 653841381 1947093
434199188 801515692 5998008
531684474 325192297 1277252
606171709 792081851 6109380
649303356 586816347 6184278
158860861 758453914 3830152
80752747 860377924 2489410
21647319 743288194 3290012
861587253 819236334 5451695
828011815 531745854 5225837
260602037 764590714 8767037
640616845 400326273 8714185
293600787 33967734 228368
449443535 131815601 6727298
363656335 595642456 1722802
531922599 902076539 1543659
772505492 98734238 4613557
474037965 351430523 1579787
144744571 318461213 8128122
906563393 569771566 2971307
244761014 659564860 9946153
831571951 344307904 5954755
86151165 167190282 2136780
356208170 407572851 3283517
118385628 599043381 7780078
624810809 315967243 6974852
305740240 379768468 3277830
708542543 648418495 878859
364666918 235929121 2443640
760938046 90735898 1659716
763005967 315757688 2211887
213652382 893283116 3730597
811225072 861081669 878647
499241655 401229231 10888783
809783562 171504096 9725174
840442530 35588562 1337619
412174838 693013498 2363433
102192845 795450138 7879486
153710153 29007273 1579605
236225742 369410876 7105912
157354107 70593323 3646977
213333053 338053436 9050522
899025280 132007220 7819341
213476543 706416812 9852146
69922304 143663328 8792840
841726365 412100232 6827127
837488665 687018889 3811059
862590034 743494398 1147674
846141888 757649853 8122458
547190943 275940270 1996024
156309886 489811709 6787972
610184911 188116284 4127731
841909791 728319872 7241521
346902956 343489275 3901882
854678330 67823216 5829692
449561579 832985583 440816
262763452 148368058 10066916
764773785 834585380 3260026
796111815 850193380 7374758
566448031 598231996 9944005
364244583 536815126 929979
202254725 497565520 9643463
867638928 407415084 1682728
900148719 99971499 7450225
840321432 234035084 6377540
44582105 572720260 437756
636484352 710747633 5155510
807459009 60536385 527448
98206182 69924630 4491741
751121163 297453421 2585919
26725019 579021052 1125361
59992641 121629654 8129127
237360665 866316137 4734384
584244369 186544250 868144
94738655 674375248 4081325
280155604 441622408 4139384
60955178 178006524 6016469
642124854 816335350 4859742
183603663 194484127 1435193
595833698 489954023 8700548
538731547 571035301 4218312
353503729 696978475 6717892
416086244 860999476 8488325
647907445 431878424 7349244
863252024 489347230 7392332
149961977 528136942 7978255
680859399 393092943 7680655
859347754 289478027 1004032
738760462 440851473 2276880
534116357 813936839 4587900
147428189 148485055 7422126
368525583 750596430 6531816
756860077 247915996 3390805
124245112 42287204 7979664
529983256 126282072 3982760
498589187 211150281 8359756
253490003 257651686 9169128
127435434 551534218 5804792
450051795 887245196 8166080
89360954 846756600 4788578
213080568 440154043 6282866
137684029 418860671 5881065
545182025 732724402 3340014
298036040 440450077 5253403
685040685 341182999 135211
684333914 806869021 1226709
754393578 820089325 5061572
142893158 401163045 3570474
638552249 653919649 8706693
460122751 399668301 1507315
766755869 64964143 5123324
455688091 357197937 6351246
605950929 556347546 4780516
593511224 662240249 3417789
405935618 62576781 2831194
669400653 518598247 4095332
826891379 620158008 5023152
459664815 658342364 1634787
884429112 395467711 6071970
781514208 155249374 25193
58304677 237223783 5567205
882674598 521158931 8525421
702892155 319906644 4908804
700833518 270462138 11522918
835202194 430720048 1901956
862242763 469441975 1805206
622866330 828300451 7109712
810735563 524000246 4383182
129972026 439758529 2875961
388674231 23749275 7514774
521860615 195355206 4438784
814665163 704727454 7886818
393231515 127148674 3249752
792647692 711528611 4788765
476963442 445079207 5896510
861515874 901560043 3169529
17840376 515893918 1987095
867972758 849228183 5090721
439682882 645476332 1112370
735573463 804235203 7994648
754722840 50769340 30599
157498901 227853934 3864509
163325823 745877763 1878644
116943690 394227128 5226980
273097404 412696337 7122206
689787384 27063759 3999387
897259839 489800943 1560179
118509173 419069130 2419163
605876713 854339995 3007272
503509521 361117126 2306153
287338360 264467830 6404692
555134153 130695016 7073536
44604226 119341390 361328
197433314 800601585 3354734
860654324 422189571 9898676
232242825 40301467 6778905
306035252 92168394 7766178
620205742 384563512 3131258
157421588 506249126 1173496
659089226 544235099 408880
380051788 486655377 1104007
20765659 250895176 3621250
574476737 289049191 6249912
57640374 872325001 2578071
404680434 379706363 3913409
839716123 445124342 2586977
570649541 364491206 5123148
673004477 638972380 9250227
314597355 366830172 4910412
533318211 511014176 2761108
658024910 474846000 7323463
886867536 898512810 897854
270668802 602313152 8631448
848945236 501667965 742424
89694549 761722684 3425480
811944153 267206768 2514604
473742540 51691187 2427647
774934005 684224082 3494140
103915252 27300099 9463219
333950104 292702708 8969063
486373979 261092280 7087692
189720523 96277707 1701824
339524874 851026243 6697828
487177767 57251122 4268170
174392691 240335554 8925989
225005554 759692217 3541607
415312670 50543166 6761581
315094140 543833980 4586398
179468107 71308401 3763194
140391737 96701074 1978558
154979383 87861697 919094
348306776 411116263 2857204
436209012 725680568 1177489
532540538 310012005 4054521
541489623 374622255 4008779
29306760 678639251 8398548
600159783 758435472 10932495
227456551 420831888 6432164
679700295 73054159 8197808
94206153 392230104 2436
38590318 219922611 6909752
256456330 212389436 207468
632935817 121862069 8801479
211359965 18330029 6982448
346087267 511380119 2209941
442505929 311902644 8833501
664134094 81116972 1614616
63570446 82415005 7125789
781897302 426091517 7577760
302949875 731689148 6945865
116598951 361221205 1920708
719062111 836596404 453582
555228200 618997174 3153708
652057728 117145071 5276500
84661677 54756054 5040298
7125686 684021525 2676331
436657043 690814460 5198896
247800244 846670530 1904996
532417413 905613099 221503
23782009 836818851 9508385
665522738 531081676 290468
82831297 272495713 9665725
674971675 335910505 5038616
451237830 384109710 2620202
278428804 679823849 7609428
750849447 143358690 6552698
29675611 486660987 7572312
650428019 62041422 2381191
269828709 812826663 5377540
127073533 893409461 2875343
338688496 674170551 6640717
643023870 786776578 4485909
416787894 619731024 5659637
346773104 247535715 5338345
195874715 718251264 3574688
289407112 155815596 2834520
616961305 739030249 2551449
517028255 724098482 590988
387240998 466095135 8012017
631435488 697304021 293075
244434518 725180494 12601622
639040737 694866055 3992328
69618306 627191061 8989815
503235065 734270391 5352442
358968115 476181741 2506604
42188544 589719297 7864783
700295127 780202000 5154603
786607066 85583176 6837856
37560796 428537641 1071797
273394759 235419746 1614652
883233998 733602312 3424764
517648940 741737328 4741468
353071722 554064562 7638068
408292277 308808346 5649008
602418584 206199002 1841204
882861916 499561530 2711828
447245904 653587013 5464804
441046170 670875134 4500805
548051587 524869626 6997684
354856913 74993804 689463
435916129 240693497 8978664
837294383 613562715 944325
610122966 514323578 1793488
260227850 889022099 1565015
880097221 407926768 3294661
477152159 157841881 5020810
538325857 500143528 2820733
155164165 301767698 733001
634300351 480240491 198008
495827818 297054129 8730826
750650133 339215379 4908677
40639302 688778898 1698371
660762125 391894917 1456404
33189110 799244287 2466432
182717668 380905628 5562376
736188876 128144624 3856380
41295079 357434408 2281523
527266066 19650863 4499979
805941197 257015472 2806888
191451502 563133102 7169584
819320327 585716707 11007353
793225990 118338485 3975865
134861393 50376247 1430781
863776797 668350383 1993650
677432995 297502488 7109232
111487160 374577106 5364014
231994668 478875112 6891000
297878338 812000875 5954551
612156147 152375614 9484904
796304541 746833345 5248774
726316444 425535169 4026820
502673320 447454200 3785733
763889090 155484337 6842928
827009856 609498905 2702565
91717643 649113008 4579848
358605935 675637572 6661394
752909684 891850516 5560645
427475102 785796819 5082326
521066977 279710780 7348835
82599335 435121136 9680976
472682410 711486301 2504454
227018357 431235224 938946
605305102 28180591 9224696
18119645 68070933 4458675
835600034 784762369 200354
457526348 89385755 293510
547423817 707484105 6359302
753966336 108579262 5534983
295891219 174563524 8683274
292606923 82736732 4863160
217259969 369671372 2540037
800670063 374693726 6497848
36889965 747942542 1130869
175192085 578536251 6828059
82251032 94802009 1999216
672501496 21568665 6539768
156540222 242670111 572088
280196093 704376998 8454956
348455285 84756057 7434311
198513096 786335324 2394787
557495421 190434929 9519208
104669484 425609276 5625807
435160863 502714071 8050521
775850001 641302316 2648328
629319193 445068818 9100118
372332562 639233095 4043672
572295836 538264620 3230884
45724683 757369139 4278037
387935228 440814531 8085899
695773126 11369921 6987015
138751959 450104948 7686784
655737851 655375837 3306113
701252730 643026570 2627489
160725687 897111471 6322886
325687018 737136529 6169466
827740121 746043760 6857299
658691496 499726807 7662454
786519244 896862156 7057731
97485474 90004006 5528670
844723645 208227923 7268439
438905381 63261533 2923468
741990566 388690276 582801
334747214 625952649 9114491
191186000 257009864 6546492
593306305 710491513 9083386
604617192 270905074 3740017
808778587 629685117 2476156
401477926 729886950 5943191
442060442 47468553 6156104
56143254 559308249 866051
676914930 412676737 840213
690253612 59813168 1642329
49985315 505428484 7935648
394977999 189774786 3039093
373478802 480551047 3119207
248021688 787984341 2995036
764197273 51888575 2658439
251285631 546558891 1893895
902267908 745995967 670573
78859223 13361962 8218890
400846508 466415632 49030
409957839 193199989 5981114
444422274 172668455 360336
782371159 256241946 4735047
237380582 134956581 5642151
649596281 520946833 9622148
566708364 234110613 9787797
589129305 157928050 7951788
747237013 281832954 5878000
705287710 167390060 5056261
474057316 179596055 4096548
258156272 583975744 6374599
581801601 848430070 200548
888685972 19020392 6128287
906263892 399294707 2645856
42361956 310492340 7267388
787033923 639321953 4354245
291192126 109407970 5633528
344816753 648454013 7193717
230952931 305551019 6012280
474125072 887367688 2818584
741372801 450539270 2350810
805398756 301551418 2114520
82744767 888501428 8086536
257637887 678305521 7887146
333737942 265039098 3461068
28928164 22944279 4762156
310064231 280696365 3065990
768117584 706436397 9634403
73474829 524859794 3637243
378530321 602185584 5812430
757548750 126071886 1763565
139068159 83713217 4870034
15215803 530742678 7138964
871167612 61939304 2804821
415115509 369679694 5995412
443735899 278512573 6144158
326579113 520447972 1557487
13736975 87887744 6641698
137068419 891366899 4215325
571259340 743351126 8458002
735012269 833235486 6497751
606640122 58127461 11789948
569422197 65397270 487806
272939450 729704171 5514959
329143412 689001837 2303252
443404238 153219548 5092416
557425176 892925004 4333132
860278867 316832897 4150811
667994178 660027308 2500788
527020465 638609858 6269272
233750132 829561181 5477356
401945524 358807400 4538016
218303633 855088422 8841674
813222805 889565768 6091224
446867323 639033886 582924
566442500 319871565 1162234
885361905 746490045 428907
332116824 117422684 3660288
787491206 655931637 5748404
375631762 797397343 1774441
644337366 109786075 66322
845374509 10583216 2561463
792711324 777169185 8651095
184504367 471592934 4099616
526105541 839479692 8526800
744325145 173354015 9488308
406314919 477581510 6807278
420749423 546967399 8607966
419201975 71513172 519612
105429987 892134441 4406510
67730922 60401594 3213833
103603507 710695673 3812956
575870921 312378157 5242617
40029915 895621902 5993600
614286050 133262356 2239594
655713907 905222050 2127361
178156061 648929756 2627184
761928056 533612501 7706269
73279169 220114355 1817015
107669473 545351539 3039861
108798160 242073970 2734121
636431733 680653883 2072440
690032777 416830571 2897992
510905283 795665203 6600924
59063513 604846137 7735519
62876795 489252394 4929736
895306367 373262533 5738792
527396423 58561907 6673289
22627138 773291502 6158860
114319710 356413091 1142368
553592547 784814418 2077648
386724539 810454819 6054639
315945021 632203443 3287336
336792180 609407342 121922
462715158 458873407 5991030
175499192 406467157 8061788
218136754 173129069 1674491
20130490 903610093 4048881
381638844 656759371 63568
516344734 153967965 7525261
135147385 142449107 630363
490943539 624079238 4948575
564878732 169013177 267782
202235035 124788275 9479250
878926544 793374905 6116155
635428555 149150076 7852401
88863560 871285798 4057845
71539390 778630921 6852098
588871430 729028513 4350045
89264004 315357291 8173574
541295047 668898612 9632106
313538917 223621606 10303538
310535840 523471285 5560957
47557453 101332240 6954137
616791846 628764893 2115665
626070130 490395442 5826755
349269964 806321933 3885665
554388841 795606283 4212744
684663599 849253650 8029056
554259577 400363269 7459389
171841864 89892110 8116300
150270768 834043030 2246548
731064732 778119542 6022672
538727301 421312156 7912629
582614667 537066580 1584415
553615685 301638482 7869256
521586741 623365004 261700
478275944 337446008 5620988
477745068 818899286 226469
627041301 15458245 1815797
587342570 57683051 104412
374170771 494486918 6533020
320539571 167994968 7958933
509456573 53000859 7884592
692231720 601520024 8847156
38179758 333972646 8618970
328004222 888718584 7725096
220140533 163602668 2383406
610291475 427668396 1212272
300691203 677269010 9295494
469456171 142685347 7823180
123750454 7292506 4921767
717949520 580633439 8195704
285391049 34767014 157480
232118584 116810006 5768807
253822114 505207223 3445492
332672586 437612358 335974
527746774 445142208 1988077
492709398 101506300 4499628
451752455 339780443 6997129
791972233 690478968 7747140
801843881 402404673 6479275
331653392 493570054 6301166
23333641 359761083 2805076
482024996 66511222 3151390
765303354 220615266 6468514
443093368 250109175 88746
9888349 840999725 308623
429854456 767199505 4550488
877400841 833307777 1614132
586354103 102019411 8059780
54980029 828068903 4449945
575073604 270639594 2246960
713787252 146307010 7847055
662429134 157942288 9173544
743699734 644554948 2751597
873580536 31805463 4840269
744082831 852697228 1029243
833921993 269032433 5300108
811036302 242854278 5781411
332685100 231696108 3724992
74327939 36907868 8105677
38888911 40986417 4561633
734190652 579235655 4223581
842991782 571399927 8789195
716631851 731202249 76028
42408364 877652602 685188
540669123 448225960 1999616
125908282 748881460 4384726
455994464 427736099 5844372
903289738 289819165 3610600
323352816 611225836 2418512
188810280 734603988 4798330
770422921 271851396 2724275
107478369 690004652 3329056
55994713 215760620 3805743
771946598 873746831 8581959
365484409 645256739 153058
722700989 358037093 7159796
826244162 122965403 4325102
128158593 365093956 4340105
726160944 399918016 5568312
534705489 267471463 2282205
466636710 416600427 2458959
145922292 41958011 3514502
641892638 732901705 3396476
464206506 93349122 2647312
878642998 609563365 3437541
12939549 243389461 3978913
183080177 452688979 6717632
274763418 656866951 5398172
292730644 422459602 3310498
556418879 725694039 4549183
513894139 306348526 7176408
432457328 192688371 7659536
440667626 868421645 3211152
567838027 582349861 1928560
16763608 224305898 4190828
39031931 644519259 9589560
517177967 666230352 7613827
614552146 476138658 7686910
877432862 700666908 7511486
453200955 778893370 8784827
46830566 202255669 2171114
567255201 690273231 4710776
329791177 716233856 4432655
427952532 457788615 3848961
132679873 349096962 8286571
50323291 383899118 570067
187412281 36552157 7049776
697232249 336334846 2774373
639289210 749345589 5084902
12017333 103706887 2557218
474111168 24564366 7949023
899345696 348359013 3268084
42195981 546309200 5195812
742564060 306990825 4289643
326528736 798249773 10563331
136615672 570440938 8406722
520228130 337170034 5127484
175187275 743615378 4349634
506860932 887331048 9721151
143560126 744621966 6240860
600158233 594280891 2340233
779128339 543712352 3906760
191651489 515657498 3254596
806076379 134819493 8591635
283061729 386612890 8619204
623653612 68135007 928268
703365643 829368114 3537839
45053621 669186364 1556621
183335350 850050513 2325018
252495153 392511000 5870174
892570865 337707724 3536016
713502063 666128456 7210085
876439840 657436410 32541
655264926 770288333 8126307
897396470 114259993 1810466
135304918 334029146 106564
820537954 774068095 2896616
489428247 92785979 761349
329535594 88751558 1734464
21544856 191386140 6499968
463845148 836367718 820162
284631314 791578804 6288165
171168038 866107271 4806258
34010834 112757338 3938786
876271836 758879680 3761236
464042907 474357691 4505543
617969236 76752165 1444236
562615300 629822990 2949409
384787065 788768271 447907
273885485 172812811 3393110
190561453 315911772 5439487
521312868 182634246 2691168
574316987 335266303 8292466
714146617 21733199 7712608
288313930 599938876 2833524
860323449 869910063 5906304
705083291 388591472 2869573
483054798 236650821 4556453
544596511 99339374 494282
737854679 724453960 7408119
241231177 696847637 1551744
4714361 1
